"","Isourolithin A","Urolithin A","Urolithin B","Urolithin C","Urolithin D","Urolithin E","Urolithin M5","Urolithin M6","Urolithin M7","Total Urolithin"
"p1",750.3051174,2900.166231,33.30216592,-95.21890626,78.0405152,0,97.52777163,0,0,3764.1228947
"p2",4483.622509,18830.9872721,0,90.97206584,0,0,-37.8673471,0,131.7243834,23499.4388888
"p4",187.4127117,748.2193049,0,19.40534762,0,0,57.02309115,0,0,1012.060455
"p5",0,0,0,0,0,0,0,42.14886447,47.17715005,89.32601452
"p6",952.6431813,3400.362854,-24.03302869,49.20661604,0,0,0,0,0,4378.17962258
"p7",200.7480404,605.4645021,0,0,335.3862844,0,377.7126784,0,0,1519.3115048
"p8",0,-10.25555556,26.96715266,-24.3032354,NA,0,-109.2141021,0,0,-49.4644699
"p9",-69.9068645,235.4145072,0,34.72522143,0,-149.386566,77.88571932,15.32408557,55.74311861,199.7992216
"p10",556.3037657,1302.74576311,819.00201473,34.3756931,0,0,68.49135827,0,0,2780.91859514
"p11",181.3265059,637.959719,42.11519178,0,-147.4608472,0,-244.7151828,0,0,469.2253867
"p12",11807.67965,50489.66618,156.5363868,472.4726309,0,0,313.390937,66.17798467,474.3816113,63780.30538
"p13",5634.688614,22135.34547,-41.03046357,896.2160907,0,0,222.3778081,0,410.3000931,29257.8976083
"p15",104.5637708,301.8407518,-44.39399135,43.14998276,0,0,-195.3335619,16.38165743,0,226.2086095
"p16",134.0146842,324.7917862,38.30309499,85.37436836,0,0,0,0,81.59020717,664.0741409
"p17",1586.011263,2669.8011495,0,0,0,0,0,0,411.6713727,4667.4837855
"p18",59.24,106.03,61.96,88.68,50.18,0,44.05,0,-35.12,375.0273887
"p20",150.65,542.7,35.84,-78.87,-39.02,-105.32,81.29,63.7,99.84,750.8050283
"p21",158.76,547.93,64.55,151.11,46.32,3.45,-76.67,0,0,895.4627069
"p 22",837.37,4954.66,0,119.75,0,-40.37,0,0,-67.56,5803.850822
"p23",3396.89,14980.43,49.66,-138,0,0,4.90000000000001,28.73,18.77,18341.3817977
"p25",1758.56,3757.73,126.38,-21.46,0,0,27.67,0,0,5648.8769028
"p26",13896.68,52820.49,-2113.7,163.96,0,-13.39,85.94,0,0,64839.97986
"p27",1002.33,1007.44,225.24,-130.69,-40.66,-94.48,0,37.47,0,2006.6525253
